rax_1=-3.16741
rax_2=40.2398
rax_3=2.02977
rax_4=0.000749948
rax_5=47.7313
rax_6=161.185
eax_a=9E+09
eax_b=9E+09
eax_c=9E+09
eax_d=9E+09
eax_e=9E+09
eax_f=9E+09
